ARD Das Erste
0 11837000 4 27500000 2 101 102
EinsMuXx
0 12109000 4 27500000 2 301 302
EinsExtra
0 12109000 4 27500000 2 101 102
EinsFestival
0 12109000 4 27500000 2 201 202
ZDF
0 11954000 4 27500000 2 110 120
ZDFtheaterkanal
0 11954000 4 27500000 2 1110 1120
RTL Television
0 12188000 4 27500000 2 163 104
SAT.1-CH
0 12148000 4 27500000 2 255 256
ProSieben
0 12483000 2 27502000 2 255 256
RTL2
0 12188000 4 27500000 2 166 128
VOX
0 12188000 4 27500000 2 167 136
KABEL1
0 12483000 2 27502000 2 511 512
Super RTL
0 12188000 4 27500000 2 165 120
NEUN LIVE Television
0 12483000 2 27502000 2 767 768
TW1
0 12692000 4 22000000 3 166 167
ARTE
0 10788000 4 22000000 3 167 136
ZIK / XXL
0 12266000 4 27500000 2 164 96
N24
0 12483000 2 27502000 2 2047 2048
n-tv
0 12670000 2 22000000 3 162 96
CNN Int.
0 12168000 2 27500000 2 165 100
EuroNews
0 11954000 4 27500000 2 2221 2233
fox news
2 10983000 2 27500000 2 523 751
CNBC
0 11954000 4 27500000 2 510 520
CNBC Europe
0 12610000 2 22000000 3 944 945
Sky News
0 12552000 2 22000000 3 305 306
Phoenix
0 11837000 4 27500000 2 901 902
XXP
2 11095000 4 27500000 2 33 44
DW-TV
0 10788000 2 22000000 3 305 306
BR-alpha
0 11837000 4 27500000 2 701 702
NBC
2 11054000 4 27500000 3 550 551
arte
0 11837000 4 27500000 2 401 402
Bloomberg TV Germany
0 12552000 2 22000000 3 162 99
Bloomberg English TV
2 11647000 4 27500000 2 1560 1520
ZDFdokukanal
0 11954000 4 27500000 2 660 670
ZDFinfokanal
0 11954000 4 27500000 2 610 620
MTV Central
0 12699000 2 22000000 3 3031 3032
VIVA
0 12670000 2 22000000 3 309 310
VIVA PLUS
0 12552000 2 22000000 3 171 172
3sat
0 11954000 4 27500000 2 210 220
SFB1
0 12109000 4 27500000 2 601 602
SR Fernsehen Suedwes
0 11837000 4 27500000 2 501 502
S&Uuml;DWEST BW
0 11837000 4 27500000 2 801 802
WDR FERNSEHEN
0 11837000 4 27500000 2 601 602
Bayerisches FS
0 11837000 4 27500000 2 201 202
hessen fernsehen
0 11837000 4 27500000 2 301 302
MDR FERNSEHEN
0 12109000 4 27500000 2 401 402
NDR Fernsehen
0 12109000 4 27500000 2 2401 2402
ORB-Fernsehen
0 12109000 4 27500000 2 501 502
S&Uuml;DWEST RP
0 12109000 4 27500000 2 3101 3102
tv.nrw
2 11604000 4 27500000 3 111 112
ONTV Regional
0 12148000 4 27500000 2 2303 2304
FASHION-TV
0 12266000 4 27500000 2 169 116
Eurosport
0 11954000 4 27500000 2 410 420
RTL TELE Letzebuerg
0 12552000 2 22000000 3 168 144
Iraq
2 12654000 4 27500000 2 1960 1920
Tele5
0 10832000 4 22000000 3 58 65
TV POLONIA
2 10719000 2 27500000 2 163 92
ALLOCINE INFO
0 11739000 2 27500000 2 167 108
Chamber TV
0 12552000 2 22000000 3 55 56
LCP
0 12207000 2 27500000 2 165 100
TEST
0 12188000 4 27500000 2 50 51
FEED
2 12437000 4 27500000 2 308 256
RTL2 AUSTRIA
2 11054000 4 27500000 2 520 521
ProSieben Schweiz
0 12051000 2 27500000 2 289 290
RTL Television
2 11054000 4 27500000 2 160 80
RAI 1
0 10788000 2 22000000 3 289 290
ESC1 - EGYPTE
0 10788000 2 22000000 3 163 104
Canal Algerie
0 10788000 2 22000000 3 168 138
Test-R
0 11837000 4 27500000 2 901 902
RTM - MAROC
0 10788000 2 22000000 2 162 96
RTPI
0 10788000 2 22000000 2 300 301
TV 5
0 10788000 2 22000000 2 164 112
TV7
0 10788000 2 22000000 2 166 128
Polonia 1
0 10832000 4 22000000 2 54 57
Tango TV
0 10832000 4 22000000 2 61 62
TV Puls
0 10832000 4 22000000 2 59 60
FRANCE 5
0 11608000 2 22000000 2 160 80
ANDALUC&Iacute;A TV
0 11686000 2 22000000 2 162 88
Canal Canarias
0 11686000 2 22000000 2 160 80
ETB SAT
0 11686000 2 22000000 2 163 92
TM SAT/LA OTRA
0 11686000 2 22000000 2 164 96
TVC INT.
0 11686000 2 22000000 2 161 84
Kabel 1 Austria
0 12051000 2 27500000 2 166 167
Kabel 1 Schweiz
0 12051000 2 27500000 2 162 163
ProSieben Austria
0 12051000 2 27500000 2 161 84
SAT.1 A
0 12051000 2 27500000 2 800 801
FRANCE 5
0 12207000 2 27500000 2 160 80
AB SAT / XXL
0 12266000 4 27500000 2 164 96
MOTEURS
0 12266000 4 27500000 2 160 80
CA TV
0 12324000 2 27500000 2 165 100
LE SESAME C+
0 12324000 2 27500000 2 165 1965
MOSAIQUE
0 12324000 2 27500000 2 162 0
RealityTV
0 12382000 4 27500000 2 169 110
K13
0 12402000 2 27500000 2 163 92
ANDALUC&Iacute;A TV
0 12441000 2 27500000 2 162 88
Canal Canarias
0 12441000 2 27500000 2 160 80
ETB SAT
0 12441000 2 27500000 2 163 92
FASHION TV
0 12441000 2 27500000 2 165 100
TAQUILLA 0
0 12441000 2 27500000 2 166 104
TM SAT/LA OTRA
0 12441000 2 27500000 2 164 96
TVC INT.
0 12441000 2 27500000 2 161 84
DSF
0 12483000 2 27502000 2 1023 1024
Sonnenklar TV
0 12090000 2 27500000 2 1023 1024
Home Shopping Europe
0 12483000 2 27502000 2 1279 1280
RTL Shop
0 12188000 4 27500000 2 168 137
QVC GERMANY
0 12552000 2 22000000 3 165 166
Travel
0 12168000 2 27500000 2 163 92
Promo
2 12169000 4 27500000 2 521 740
ASTRA Mosaik
0 12552000 2 22000000 3 175 176
ASTRA-Mosaic 2
0 12552000 2 22000000 3 179 120
ASTRA-Mosaic 3
0 12552000 2 22000000 3 182 169
ASTRA-Mosaic 4
0 12552000 2 22000000 3 185 170
ASTRA-Mosaic 5
0 12552000 2 22000000 3 163 164
BVN
0 12574000 4 22000000 2 164 96
Liberty TV.com
0 12610000 2 22000000 2 941 943
LibertyTV.com
0 12610000 2 22000000 2 941 942
Motors TV
0 12610000 2 22000000 2 191 192
RTBF SAT
0 12610000 2 22000000 2 48 49
TV5 Europe
0 12610000 2 22000000 2 45 46
Wishline
0 12610000 2 22000000 2 214 215
No-ZAP TV
0 12640000 4 22000000 2 160 80
TV-NIEP II
0 12670000 2 22000000 2 77 78
BL-SPIEL 1
0 11719000 4 27500000 2 255 256
BL-SPIEL 2
0 11719000 4 27500000 2 2047 2048
BL-SPIEL 3
0 11719000 4 27500000 2 2303 2304
BL-SPIEL 4
0 11719000 4 27500000 2 2559 2560
BL-SPIEL 5
0 11719000 4 27500000 2 2815 2816
BL-SPIEL 6
0 11719000 4 27500000 2 3071 3072
F1 Box
0 11719000 4 27500000 2 2559 2560
F1 Cockpit
0 11719000 4 27500000 2 2303 2304
F1 Info
0 11719000 4 27500000 2 3071 3072
F1 Portal
0 11719000 4 27500000 2 255 256
F1 Super
0 11719000 4 27500000 2 2047 2048
F1 Verfolger
0 11719000 4 27500000 2 2815 2816
PREM EROTIK 2
0 11719000 4 27500000 2 1535 1536
PREM EROTIK 3
0 11719000 4 27500000 2 1791 1792
PREM EROTIK 4
0 11719000 4 27500000 2 3583 3584
PREMIERE DIREKT 1
0 11719000 4 27500000 2 1023 1024
PREMIERE DIREKT 2
0 11719000 4 27500000 2 767 768
PREMIERE DIREKT 3
0 11719000 4 27500000 2 511 512
PREMIERE DIREKT 3
0 11719000 4 27500000 2 1279 1280
PREMIERE SPORT 1
0 11719000 4 27500000 2 255 256
CINE CINEMA 16/9
0 11739000 2 27500000 2 160 80
CLUB TELEACHAT
0 11739000 2 27500000 2 162 88
GOURMET TV
0 11739000 2 27500000 2 170 120
KTO
0 11739000 2 27500000 2 163 92
MATCH TV
0 11739000 2 27500000 2 165 100
MCM
0 11739000 2 27500000 2 161 84
MCM 2
0 11739000 2 27500000 2 164 96
MCM AFRICA
0 11739000 2 27500000 2 166 104
NAT GEOGRAPHIC
0 11739000 2 27500000 2 169 116
TiJi
0 11739000 2 27500000 2 168 112
13 TH STREET
0 11758000 4 27500000 2 2303 2304
BEATE-UHSE.TV
0 11758000 4 27500000 2 1023 1024
CLASSICA
0 11758000 4 27500000 2 767 768
FOX KIDS
0 11758000 4 27500000 2 1279 1280
GOLDSTAR TV
0 11758000 4 27500000 2 3839 3840
HEIMATKANAL
0 11758000 4 27500000 2 1535 1536
JUNIOR
0 11758000 4 27500000 2 255 256
K-TOON
0 11758000 4 27500000 2 511 512
CANAL J
0 11778000 2 27500000 2 167 108
CUISINE.TV
0 11778000 2 27500000 2 165 100
EUROSPORT
0 11778000 2 27500000 2 160 80
LCI
0 11778000 2 27500000 2 166 104
PARIS PREMIERE
0 11778000 2 27500000 2 163 92
PLANETE
0 11778000 2 27500000 2 162 88
SANTE - VIE PLUS
0 11778000 2 27500000 2 168 112
SANTE-VIE
0 11778000 2 27500000 2 168 112
TMC
0 11778000 2 27500000 2 161 84
VOYAGE
0 11778000 2 27500000 2 164 96
PREMIERE 1
0 11797000 4 27500000 2 511 512
PREMIERE 2
0 11797000 4 27500000 2 1791 1792
PREMIERE 3
0 11797000 4 27500000 2 2303 2304
PREMIERE 4
0 11797000 4 27500000 2 767 768
PREMIERE 5
0 11797000 4 27500000 2 1279 1280
PREMIERE 6
0 11797000 4 27500000 2 1535 1536
PREMIERE 7
0 11797000 4 27500000 2 1023 1024
PREMIERE START
0 11797000 4 27500000 2 255 256
BLOOMBERG TV
0 11817000 2 27500000 2 163 92
CANAL JIMMY
0 11817000 2 27500000 2 165 100
CINECINEMAS 2
0 11817000 2 27500000 2 161 84
CINECINEMAS 3
0 11817000 2 27500000 2 162 88
i TELEVISION
0 11817000 2 27500000 2 169 116
LA CHAINE METEO
0 11817000 2 27500000 2 167 108
MEZZO
0 11817000 2 27500000 2 166 104
MEZZO[esp]
0 11817000 2 27500000 2 166 104
PATHE SPORT:
0 11817000 2 27500000 2 168 112
SEASONS
0 11817000 2 27500000 2 160 80
CANAL+
0 11856000 2 27500000 2 160 80
CANAL+ 16/9
0 11856000 2 27500000 2 163 92
CANAL+ BLEU
0 11856000 2 27500000 2 161 84
CANAL+ JAUNE
0 11856000 2 27500000 2 162 88
CANAL+ VERT
0 11856000 2 27500000 2 167 108
CINE CLASSICS
0 11856000 2 27500000 2 2047 0
CINECINEMAS 1
0 11856000 2 27500000 2 165 100
DISNEY CHANNEL
0 11856000 2 27500000 2 166 104
EQUIDIA
0 11856000 2 27500000 2 168 112
PMU sur Canal+
0 11856000 2 27500000 2 160 80
40 LATINO
0 11934000 2 27500000 2 160 80
CANAL+ ...30
0 11934000 2 27500000 2 167 108
CINECLASSICS
0 11934000 2 27500000 2 162 88
CNN+
0 11934000 2 27500000 2 172 128
EUROSPORTNEWS
0 11934000 2 27500000 2 173 132
FOX NEWS
0 11934000 2 27500000 2 168 112
M&Eacute;TEO
0 11934000 2 27500000 2 169 116
Nat Geographic
0 11934000 2 27500000 2 170 120
REAL MADRID TV
0 11934000 2 27500000 2 171 124
40 LATINO
0 11941000 2 27500000 2 160 80
CANAL+ ...30
0 11941000 2 27500000 2 167 108
CINECLASSICS
0 11941000 2 27500000 2 162 88
40 TV
0 11973000 2 27500000 2 165 100
CANAL+
0 11973000 2 27500000 2 160 80
CANAL+ AZUL
0 11973000 2 27500000 2 161 84
CANAL+ ROJO
0 11973000 2 27500000 2 162 88
DISCOVERY
0 11973000 2 27500000 2 166 104
DISNEY CHANNEL
0 11973000 2 27500000 2 163 92
SPORTMAN&Iacute;A
0 11973000 2 27500000 2 164 96
SPORTMAN&Iacute;A
0 11973000 2 27500000 2 164 96
ATV
0 11992000 4 27500000 2 163 90
Avante
0 11992000 4 27500000 2 162 88
Discovery Cze
0 11992000 4 27500000 2 170 112
Eurosport
0 11992000 4 27500000 2 160 80
ExtremeSports
0 11992000 4 27500000 2 165 98
Hallmark Cze
0 11992000 4 27500000 2 702 703
M2
0 11992000 4 27500000 2 164 96
MTV Europe
0 11992000 4 27500000 2 168 108
Private Gold
0 11992000 4 27500000 2 167 106
SpektrumInt.
0 11992000 4 27500000 2 169 110
TV3
0 11992000 4 27500000 2 166 104
CANAL EVENEMENT
0 12012000 2 27500000 2 162 88
ESPN CLASSIC
0 12012000 2 27500000 2 169 116
FRANCE 2
0 12012000 2 27500000 2 160 80
FRANCE 3
0 12012000 2 27500000 2 161 84
MCM AFRICA
0 12012000 2 27500000 2 166 104
TELE MELODY
0 12012000 2 27500000 2 167 108
[18]
0 12012000 2 27500000 2 2047 0
DISCOVERY CHANNEL
0 12031000 4 27500000 2 1791 1792
KRIMI &amp;CO
0 12031000 4 27500000 2 1535 1536
PREMIERE DIREKT 1
0 12031000 4 27500000 2 511 512
PREMIERE DIREKT 2
0 12031000 4 27500000 2 255 256
PREMIERE DIREKT 4
0 12031000 4 27500000 2 2815 2816
PREMIERE EROTIK
0 12031000 4 27500000 2 1279 1280
PREMIERE NOSTALGIE
0 12031000 4 27500000 2 2559 2560
PREMIERE SERIE
0 12031000 4 27500000 2 1023 1024
PREMIERE SPORT 2
0 12031000 4 27500000 2 3839 3840
BL-KONFERENZ
0 12070000 4 27500000 2 255 256
BL-SPIEL 7
0 12070000 4 27500000 2 3071 3072
BL-SPIEL 8
0 12070000 4 27500000 2 3071 3072
BL-SPIEL 9
0 12070000 4 27500000 2 3071 3072
DISNEY CHANNEL
0 12090000 2 27500000 2 767 768
PLANET
0 12090000 2 27500000 2 1279 1280
STUDIO UNIVERSAL
0 12090000 2 27500000 2 255 256
K1
0 12129000 2 27500000 2 160 80
K10
0 12129000 2 27500000 2 169 116
K11
0 12129000 2 27500000 2 166 104
K12
0 12129000 2 27500000 2 167 108
K2
0 12129000 2 27500000 2 161 84
K3
0 12129000 2 27500000 2 162 88
K4
0 12129000 2 27500000 2 163 92
K5
0 12129000 2 27500000 2 164 96
K6
0 12129000 2 27500000 2 165 100
K7
0 12129000 2 27500000 2 166 104
K8
0 12129000 2 27500000 2 167 108
K9
0 12129000 2 27500000 2 168 112
BD 1
0 12148000 4 27500000 2 1791 1792
BD 3/PARTNER TV
0 12148000 4 27500000 2 511 512
BD 4
0 12148000 4 27500000 2 2047 2048
BD_DVB
0 12148000 4 27500000 2 1023 1024
BetaBC
0 12148000 4 27500000 2 1535 1536
Bloomberg
0 12168000 2 27500000 2 167 112
TCM
0 12168000 2 27500000 2 169 64
TCM.
0 12168000 2 27500000 2 164 96
TVBS
0 12168000 2 27500000 2 162 88
CANALPRO TV
0 12207000 2 27500000 2 170 120
EURONEWS
0 12207000 2 27500000 2 164 96
PLANETE 2
0 12207000 2 27500000 2 166 104
TV BREIZH
0 12207000 2 27500000 2 161 84
ESTILO
0 12246000 2 27500000 2 165 100
EUROSPORT
0 12246000 2 27500000 2 164 96
NICK-PARAMOUNT
0 12246000 2 27500000 2 167 108
SEASONS
0 12246000 2 27500000 2 170 120
TAQUILLA 11
0 12246000 2 27500000 2 169 116
TAQUILLA 6
0 12246000 2 27500000 2 161 84
TAQUILLA 7
0 12246000 2 27500000 2 162 88
TAQUILLA 8
0 12246000 2 27500000 2 163 92
TAQUILLA 9
0 12246000 2 27500000 2 171 124
VIAJAR
0 12246000 2 27500000 2 166 104
AB 1
0 12266000 4 27500000 2 161 84
ACTION
0 12266000 4 27500000 2 170 120
ANIMAUX
0 12266000 4 27500000 2 162 88
ENCYCLOPEDIA
0 12266000 4 27500000 2 163 92
ESCALES
0 12266000 4 27500000 2 165 100
FIT/CHAINE HISTOIRE
0 12266000 4 27500000 2 166 104
MANGA
0 12266000 4 27500000 2 171 124
RFM-TV
0 12266000 4 27500000 2 168 112
CNBC-NBC
0 12287000 2 27500000 2 162 88
DISNEY CH. +1
0 12287000 2 27500000 2 171 124
DOCUMAN&Iacute;A
0 12287000 2 27500000 2 160 80
FOX KIDS
0 12287000 2 27500000 2 161 84
Playhouse Disney
0 12287000 2 27500000 2 172 128
TAQUILLA 1
0 12287000 2 27500000 2 166 104
TAQUILLA 14
0 12287000 2 27500000 2 176 144
TAQUILLA 2
0 12287000 2 27500000 2 167 108
TAQUILLA X
0 12287000 2 27500000 2 170 120
TOON DISNEY
0 12287000 2 27500000 2 173 132
Animal Planet
0 12304000 4 27500000 2 702 703
Animal Planet Cze
0 12304000 4 27500000 2 706 707
Duna TV
0 12304000 4 27500000 2 168 108
Eurosport News
0 12304000 4 27500000 2 167 106
FoxKids
0 12304000 4 27500000 2 163 90
Hallmark
0 12304000 4 27500000 2 161 84
HBO Cze
0 12304000 4 27500000 2 164 96
MTV Classic
0 12304000 4 27500000 2 165 98
MTV Polska
0 12304000 4 27500000 2 166 104
Sport 1 Hun
0 12304000 4 27500000 2 169 110
TCM Cartoon
0 12304000 4 27500000 2 162 88
Viasat 3
0 12304000 4 27500000 2 160 80
CANAL CLUB
0 12324000 2 27500000 2 160 80
Animal Planet
0 12344000 4 27500000 2 164 96
Discovery
0 12344000 4 27500000 2 162 88
NGC
0 12344000 4 27500000 2 161 84
RTL4
0 12344000 4 27500000 2 160 80
RTL5
0 12344000 4 27500000 2 163 92
Club
0 12382000 4 27500000 2 162 88
Discovery
0 12382000 4 27500000 2 163 90
Filmm&Acirc;uzeum
0 12382000 4 27500000 2 165 98
Fox Kids CE
0 12382000 4 27500000 2 166 104
HBO Hun
0 12382000 4 27500000 2 161 82
National Geographic
0 12382000 4 27500000 2 164 96
TA3
0 12382000 4 27500000 2 167 106
TCM Cartoon CE
0 12382000 4 27500000 2 170 114
13EME RUE
0 12402000 2 27500000 2 162 88
CINECLASSICS
0 12402000 2 27500000 2 168 112
COMEDIE !
0 12402000 2 27500000 2 161 84
CSAT
0 12402000 2 27500000 2 169 116
DEMAIN !
0 12402000 2 27500000 2 160 80
FOX KIDS
0 12402000 2 27500000 2 164 96
GAME ONE
0 12402000 2 27500000 2 167 108
KIOSQUE
0 12402000 2 27500000 2 163 92
L'EQUIPE TV
0 12402000 2 27500000 2 165 100
PLANETE FUTURE
0 12402000 2 27500000 2 166 104
RFO SAT
0 12402000 2 27500000 2 164 96
C+ Blauw
0 12515000 4 22000000 2 161 84
C+ Rood
0 12515000 4 22000000 2 160 80
C+16/9
0 12515000 4 22000000 2 166 104
NED1
0 12515000 4 22000000 2 162 88
NED2
0 12515000 4 22000000 2 163 92
NED3
0 12515000 4 22000000 2 164 96
The Studio
0 12515000 4 22000000 2 167 108
X-ZONE
0 12515000 4 22000000 2 165 87
AXN
0 12522000 2 22000000 2 166 104
CINEMAN&Iacute;A
0 12522000 2 22000000 2 160 80
CINEMAN&Iacute;A AZUL
0 12522000 2 22000000 2 161 84
FOX
0 12522000 2 22000000 2 167 108
TAQUILLA 3
0 12522000 2 22000000 2 162 88
TAQUILLA 4
0 12522000 2 22000000 2 163 92
TAQUILLA 5
0 12522000 2 22000000 2 164 96
Kindernet/Veronica
0 12574000 4 22000000 2 166 104
NET5
0 12574000 4 22000000 2 165 100
SBS6
0 12574000 4 22000000 2 160 80
TMF
0 12574000 4 22000000 2 162 88
V8/Fox Kids
0 12574000 4 22000000 2 163 92
Yorin
0 12574000 4 22000000 2 161 84
CINEMAN&Iacute;A ROJO
0 12581000 2 22000000 2 165 100
TAQUILLA 12
0 12581000 2 22000000 2 168 112
TAQUILLA 12
0 12581000 2 22000000 2 172 128
TAQUILLA X
0 12581000 2 22000000 2 163 92
TAQUILLA XX
0 12581000 2 22000000 2 161 84
TAQUILLA XY
0 12581000 2 22000000 2 162 88
ORF 1
0 12692000 4 22000000 2 160 161
ORF 2
0 12692000 4 22000000 2 500 501
ORF 2 B
0 12692000 4 22000000 2 500 501
ORF 2 K
0 12692000 4 22000000 2 500 501
ORF 2 N
0 12692000 4 22000000 2 500 501
ORF 2 O
0 12692000 4 22000000 2 500 501
ORF 2 S
0 12692000 4 22000000 2 500 501
ORF 2 St
0 12692000 4 22000000 2 500 501
ORF 2 T
0 12692000 4 22000000 2 500 501
ORF 2 V
0 12692000 4 22000000 2 500 501
ORF 2 W
0 12692000 4 22000000 2 500 501
MTV 2
0 12699000 2 22000000 2 3091 3092
MTV 2.
0 12699000 2 22000000 2 3091 3092
MTV Base
0 12699000 2 22000000 2 3051 3052
MTV Base.
0 12699000 2 22000000 2 3051 3052
MTV ESP
0 12699000 2 22000000 2 3011 3012
MTV F
0 12699000 2 22000000 2 3021 3022
MTV HITS
0 12699000 2 22000000 2 3041 3042
MTV HITS.
0 12699000 2 22000000 2 3041 3042
MTV2 Pop Channel
0 12699000 2 22000000 2 3081 3082
VH1
0 12699000 2 22000000 2 3061 3062
VH1 Classic
0 12699000 2 22000000 2 3071 3072
10.722 H
2 10734000 4 29900000 2 1005 1205
Cinenova
2 10734000 4 29900000 2 1003 1203
Cinenova 2
2 10734000 4 29900000 2 1002 1202
Deepam TV
2 10734000 4 29900000 2 1006 1206
EWTN
2 10734000 4 29900000 2 1001 1201
MTA INTL
2 10734000 4 29900000 2 1004 1204
BOULH
2 10949000 2 27500000 2 7488 7489
HSE Italia
2 10983000 2 27500000 2 522 750
s.verde
2 10983000 2 27500000 2 2689 2690
CNN
2 11054000 4 27500000 2 540 542
RTL  A
2 11054000 4 27500000 2 580 584
VOX CH
2 11054000 4 27500000 2 500 501
ZDF
2 11054000 4 27500000 2 570 571
Kurdsat
2 11095000 4 27500000 2 38 41
New Live Channel CNL
2 11095000 4 27500000 2 51 52
NOELLO SAT
2 11095000 4 27500000 2 4194 4195
professional TV
2 11095000 4 27500000 2 32 47
Sailing Channel
2 11095000 4 27500000 2 37 34
Spice Platinum
2 11095000 4 27500000 2 2901 2911
TVN
2 11178000 4 22000000 2 512 650
DW-tv
2 11196000 2 9100000 2 101 102
Testcard
2 11205000 4 4000000 2 4130 4131
Techniczny 2
2 11406000 2 27500000 2 515 680
TVN
2 11406000 2 27500000 2 512 650
TVN 24
2 11406000 2 27500000 2 513 660
TVN 7
2 11406000 2 27500000 2 514 670
RAI INTERNATIONAL
2 11464000 2 4400000 2 512 650
ARD &quot;Das Erste&quot;
2 11604000 4 27500000 2 172 173
DeeJay TV
2 11604000 4 27500000 2 160 161
DW-TV
2 11604000 4 27500000 2 1000 1001
K-TV
2 11604000 4 27500000 2 711 712
RTL 2 CH
2 11604000 4 27500000 2 175 176
Super RTL A
2 11604000 4 27500000 2 180 181
VIVA polska
2 11604000 4 27500000 2 190 191
102.5 HIT Ch
2 11623000 2 27500000 2 224 244
123SAT/69XTV
2 11623000 2 27500000 2 230 250
Cartoon Network
2 11623000 2 27500000 2 3401 3411
Channel SUN
2 11623000 2 27500000 2 229 249
KHALIFA TV
2 11623000 2 27500000 2 228 248
PRO SAT
2 11623000 2 27500000 2 226 246
TLC SAT
2 11623000 2 27500000 2 225 245
TV ROMANIA
2 11623000 2 27500000 2 227 247
Ultra Blue TV
2 11623000 2 27500000 2 223 243
Bloomberg European T
2 11647000 4 27500000 2 1360 1320
Bloomberg French TV
2 11647000 4 27500000 2 1160 1120
Bloomberg German TV
2 11647000 4 27500000 2 1460 1420
Bloomberg Italian TV
2 11647000 4 27500000 2 1260 1220
Tel Sell Homeshoppin
2 11647000 4 27500000 2 1760 1720
Test
2 11647000 4 27500000 2 1660 1620
EDTV 1
2 11747000 4 27500000 2 4130 4131
EDTV BUSINESS
2 11747000 4 27500000 2 4642 4643
EDTV DRAMA
2 11747000 4 27500000 2 4898 4899
EDTV SPORT
2 11747000 4 27500000 2 4386 4387
TEST
2 11747000 4 27500000 2 7970 7971
Canale Lavoro
2 11766000 2 27500000 2 516 654
RAI1
2 11766000 2 27500000 2 160 80
RAI2
2 11766000 2 27500000 2 161 84
RAI3
2 11766000 2 27500000 2 162 88
RAILAB
2 11766000 2 27500000 2 517 655
RaiMed
2 11766000 2 27500000 2 515 653
RAIMOSAICO
2 11766000 2 27500000 2 164 96
SENATO ITALIANO
2 11766000 2 27500000 2 163 92
CANAL 24 HORAS
2 11789000 4 27500000 2 3569 3570
CANAL CLASICO
2 11789000 4 27500000 2 3529 3530
HISPAVISION
2 11789000 4 27500000 2 3545 3546
LIBRE - CARTA
2 11789000 4 27500000 2 3577 3578
NOSTALGIA
2 11789000 4 27500000 2 3561 3562
TELEDEPORTE
2 11789000 4 27500000 2 3537 3538
TVE ASIA-AFRICA
2 11789000 4 27500000 2 3553 3554
TVE INTERNACIONAL
2 11789000 4 27500000 2 3521 3522
CAMERA DEPUTATI
2 11804000 2 27500000 2 517 655
RAIeducational
2 11804000 2 27500000 2 514 652
RAINettunoSAT1
2 11804000 2 27500000 2 519 657
RAINettunoSAT2
2 11804000 2 27500000 2 513 651
RAINews24
2 11804000 2 27500000 2 516 654
RAISPORTSAT
2 11804000 2 27500000 2 512 650
SAT2000
2 11804000 2 27500000 2 518 656
TELEPACE
2 11804000 2 27500000 2 515 653
Stream1
2 11843000 2 27500000 2 512 650
snai
2 11881000 2 27500000 2 2561 2562
stream news
2 11881000 2 27500000 2 2305 2306
C5
2 11919000 2 27500000 2 513 660
I1
2 11919000 2 27500000 2 512 650
R4
2 11919000 2 27500000 2 514 670
IQRA
2 12015000 4 27500000 2 520 730
LBC EUROPE
2 12015000 4 27500000 2 517 700
MA3
2 12015000 4 27500000 2 522 750
C. Milagro
2 12092000 4 27500000 2 4368 4369
Fiesta
2 12092000 4 27500000 2 4432 4433
Italiasat
2 12092000 4 27500000 2 4520 4521
LiveSex
2 12092000 4 27500000 2 4660 4661
Maharaji
2 12092000 4 27500000 2 4416 4417
Sex-View
2 12092000 4 27500000 2 4630 4631
Telesierra
2 12092000 4 27500000 2 4160 4161
Tizianasat
2 12092000 4 27500000 2 4600 4601
UBN
2 12092000 4 27500000 2 3260 3220
AL JAZEERA
2 12111000 2 27500000 2 270 271
Alice
2 12111000 2 27500000 2 351 352
ARM 1
2 12111000 2 27500000 2 240 241
Coming Soon TV
2 12111000 2 27500000 2 310 311
HB CHANNEL
2 12111000 2 27500000 2 200 201
Leonardo
2 12111000 2 27500000 2 355 356
Nuvolari
2 12111000 2 27500000 2 358 359
TV MODA
2 12111000 2 27500000 2 220 221
AH-EDP1
2 12149000 2 27500000 2 96 900
Alice
2 12149000 2 27500000 2 160 161
GAY.TV
2 12149000 2 27500000 2 36 37
Leonardo
2 12149000 2 27500000 2 128 130
Nuvolari
2 12149000 2 27500000 2 176 177
TV7 Tunis
2 12149000 2 27500000 2 112 113
AUGUST
2 12188000 2 27500000 2 3713 3714
BALKANIA TV
2 12188000 2 27500000 2 3969 3970
ERT SAT
2 12188000 2 27500000 2 514 652
EXTRA
2 12188000 2 27500000 2 516 654
OTE PROMO
2 12188000 2 27500000 2 517 655
RTS SAT
2 12188000 2 27500000 2 519 657
TRIAL
2 12188000 2 27500000 2 513 651
TV MAGIC
2 12188000 2 27500000 2 3584 3585
Acasa TV
2 12197000 4 12128000 2 1260 1220
PRO TV
2 12197000 4 12128000 2 1160 1120
PRO TV
2 12197000 4 12128000 2 1160 1120
ProTv Intl ENG
2 12197000 4 12128000 2 1360 1322
ARIRANG TV
2 12220000 4 6161000 2 33 34
BK TV
2 12220000 4 6161000 2 3105 3106
Ch-3 Arabic IBA TV
2 12220000 4 6161000 2 1057 1058
DCTV-german
2 12235000 2 13400000 2 1160 1123
DCTV-german
2 12235000 2 13400000 2 1160 1123
AJARA TV
2 12245000 4 27500000 2 127 137
CFI PECO PRO
2 12245000 4 27500000 2 121 131
FASHION
2 12245000 4 27500000 2 123 133
XXP
2 12265000 2 27500000 2 1660 1620
BVN-TV
2 12303000 2 27500000 2 209 210
COUNTDOWN
2 12303000 2 27500000 2 235 236
KURDISTAN TV
2 12303000 2 27500000 2 225 226
MAGIC
2 12303000 2 27500000 2 245 246
NAPOLI INT.
2 12303000 2 27500000 2 240 241
RTB INTERNATIONAL
2 12303000 2 27500000 2 198 199
SLO-TV1
2 12303000 2 27500000 2 200 201
TBNE
2 12303000 2 27500000 2 230 231
TELSELL
2 12303000 2 27500000 2 205 206
Abu Dhabi TV
2 12380000 2 27500000 2 3024 3034
Bangla TV
2 12380000 2 27500000 2 3301 3311
EQUIDIA PRO
2 12380000 2 27500000 2 3321 3331
EQUIDIA PRO P1
2 12380000 2 27500000 2 321 0
EQUIDIA PRO P2
2 12380000 2 27500000 2 322 0
RTV MONTENEGRO
2 12380000 2 27500000 2 3026 3036
SAT 7
2 12380000 2 27500000 2 3001 3011
SERTE TEST 2
2 12380000 2 27500000 2 3025 3035
SYRIAN TV
2 12380000 2 27500000 2 3022 3032
SRG SSR SAT Access
2 12399000 4 27500000 2 165 98
AL-ALAM
2 12437000 4 27500000 2 165 90
IRIB1 ENG
2 12437000 4 27500000 2 160 81
IRIB1 PER
2 12437000 4 27500000 2 160 80
IRIB2 ENG
2 12437000 4 27500000 2 161 83
IRIB2 PER
2 12437000 4 27500000 2 161 82
IRINN
2 12437000 4 27500000 2 164 88
SAHAR1
2 12437000 4 27500000 2 162 84
SAHAR2
2 12437000 4 27500000 2 163 86
2M Maroc
2 12476000 4 27500000 2 601 602
ARY DIGITAL
2 12476000 4 27500000 2 650 651
B4U Movies
2 12476000 4 27500000 2 656 657
EbS
2 12476000 4 27500000 2 101 201
LibertyTV.com
2 12476000 4 27500000 2 941 942
MOU.2
2 12476000 4 27500000 2 42 43
PINK PLUS
2 12476000 4 27500000 2 308 256
Zee Cinema
2 12476000 4 27500000 2 915 916
Zee TV
2 12476000 4 27500000 2 910 911
CALABRIASAT
2 12520000 2 27500000 2 52 53
HRT-TV1
2 12520000 2 27500000 2 100 101
LIGURIA SAT
2 12520000 2 27500000 2 407 408
NILE TV
2 12520000 2 27500000 2 56 57
SARDEGNA UNO
2 12520000 2 27500000 2 503 504
SET
2 12520000 2 27500000 2 501 502
TELESPAZIO TEST
2 12520000 2 27500000 2 98 99
VIDEOLINA
2 12520000 2 27500000 2 515 516
Bulgaria TV
2 12540000 4 27500000 2 4612 4613
MEDIOLANUM
2 12540000 4 27500000 2 1131 1132
sisal
2 12540000 4 27500000 2 4356 4357
24ore.tv
2 12558000 2 27500000 2 6916 6917
CNES-Toulouse
2 12558000 2 27500000 2 6143 6142
ESP Dutch
2 12558000 2 27500000 2 2577 2564
ESP News Eng
2 12558000 2 27500000 2 2825 2823
Q-CHANNEL
2 12558000 2 27500000 2 1037 1039
ANN
2 12597000 2 27500000 2 161 84
BBC World
2 12597000 2 27500000 2 163 92
CNNI
2 12597000 2 27500000 2 168 112
EuroNews
2 12597000 2 27500000 2 2221 2233
JSTV 1
2 12597000 2 27500000 2 2000 2001
JSTV 2
2 12597000 2 27500000 2 2011 2012
MBC
2 12597000 2 27500000 2 160 80
Al manar
2 12654000 4 27500000 2 1060 1020
ESC
2 12654000 4 27500000 2 1860 1820
Kuwait
2 12654000 4 27500000 2 1460 1420
Libya
2 12654000 4 27500000 2 1560 1520
Oman
2 12654000 4 27500000 2 1760 1720
Qatar
2 12654000 4 27500000 2 1260 1220
Saudi 1
2 12654000 4 27500000 2 1360 1320
Sharjah
2 12654000 4 27500000 2 1160 1120
Sudan
2 12654000 4 27500000 2 1660 1620
3ABN
2 12673000 2 27500000 2 210 211
GAME NETWORK
2 12673000 2 27500000 2 291 292
Jordan Tv
2 12673000 2 27500000 2 310 311
Studio Europa
2 12673000 2 27500000 2 230 231
Telemarket
2 12673000 2 27500000 2 350 351
TEST
2 12673000 2 27500000 2 360 361
Thai TV5
2 12673000 2 27500000 2 200 201
Video  Italia
2 12673000 2 27500000 2 340 341
ABsat PROMO
2 12692000 4 27500000 2 169 116
ONYX
2 12692000 4 27500000 2 161 84
PASSIONS
2 12692000 4 27500000 2 160 80
DISCOVERY
2 10719000 2 27500000 2 161 84
PLANETE
2 10719000 2 27500000 2 165 100
RTL7
2 10719000 2 27500000 2 162 88
SEASONS
2 10719000 2 27500000 2 166 104
TVN
2 10719000 2 27500000 2 160 80
VIVA Polska
2 10719000 2 27500000 2 167 108
Cin&eacute;star 1
2 10757000 2 27500000 2 120 130
Cin&eacute;star 2
2 10757000 2 27500000 2 220 230
Cin&eacute;toile
2 10757000 2 27500000 2 320 330
Club T&eacute;l&eacute;achat
2 10757000 2 27500000 2 920 930
FUN TV
2 10757000 2 27500000 2 620 630
Shopping Avenue
2 10757000 2 27500000 2 420 430
S&eacute;rie Club
2 10757000 2 27500000 2 520 530
Teva
2 10757000 2 27500000 2 720 730
Festival
2 10796000 2 27500000 2 420 430
Histoire
2 10796000 2 27500000 2 520 530
Infosport
2 10796000 2 27500000 2 120 130
Loft Story
2 10796000 2 27500000 2 320 330
Odyss&eacute;e
2 10796000 2 27500000 2 720 730
R&eacute;gions
2 10796000 2 27500000 2 220 230
TFJ
2 10796000 2 27500000 2 1020 1030
TV5
2 10796000 2 27500000 2 920 930
T&eacute;l&eacute;toon
2 10796000 2 27500000 2 620 630
CREDIT AGRICOLE
2 10834000 2 27500000 2 5321 5333
EUROSPORT
2 10834000 2 27500000 2 220 230
FRANCE 2
2 10834000 2 27500000 2 320 330
FRANCE 3
2 10834000 2 27500000 2 520 530
I TELEVISION
2 10834000 2 27500000 2 820 830
LCI
2 10834000 2 27500000 2 120 130
TPS star
2 10834000 2 27500000 2 420 430
ALLO CINE INFO
2 10873000 2 27500000 2 520 530
BBC PRIME
2 10873000 2 27500000 2 620 630
EQUIDIA
2 10873000 2 27500000 2 320 330
ESPN CLASSIC SPORT
2 10873000 2 27500000 2 420 430
LA CHAINE PARLEMENTA
2 10873000 2 27500000 2 1020 1030
RTM
2 10873000 2 27500000 2 120 130
SIC
2 10873000 2 27500000 2 220 230
TV BREIZH
2 10873000 2 27500000 2 720 730
ALE KINO!
2 10892000 4 27500000 2 164 96
AVANTE
2 10892000 4 27500000 2 169 114
CANAL+
2 10892000 4 27500000 2 160 80
CANAL+ NIEBIESKI
2 10892000 4 27500000 2 168 112
CANAL+ ZOLTY
2 10892000 4 27500000 2 161 85
FOX KIDS
2 10892000 4 27500000 2 162 88
MINIMAX
2 10892000 4 27500000 2 165 100
TMT
2 10892000 4 27500000 2 163 92
TVP 1
2 10892000 4 27500000 2 166 104
TVP 2
2 10892000 4 27500000 2 167 108
Cin&eacute;faz
2 10911000 2 27500000 2 220 230
Multivision
2 10911000 2 27500000 2 320 330
TF6
2 10911000 2 27500000 2 720 730
TPS star
2 10911000 2 27500000 2 120 130
AnimalPlanet
2 10930000 4 27500000 2 517 700
Appl. Ch
2 10930000 4 27500000 2 516 690
Big Bro
2 10930000 4 27500000 2 512 650
Big Bro
2 10930000 4 27500000 2 515 680
CNBC
2 10930000 4 27500000 2 513 660
FILM SAT
2 10930000 4 27500000 2 518 710
Nat. Geo
2 10930000 4 27500000 2 513 660
NOVA CINE
2 10930000 4 27500000 2 514 670
SS Extra
2 10930000 4 27500000 2 516 690
Test
2 10930000 4 27500000 2 516 690
Test
2 10930000 4 27500000 2 516 690
ALPHA  TV
2 10949000 2 27500000 2 7456 7457
ALPHA CINEMA 1
2 10949000 2 27500000 2 7476 7477
ALPHA KIDS
2 10949000 2 27500000 2 7464 7465
ALPHA PROMO
2 10949000 2 27500000 2 7452 7453
ALPHA SPORTS 1
2 10949000 2 27500000 2 7468 7469
ALPHA SPORTS 2
2 10949000 2 27500000 2 7472 7473
ALPHA TEST 1
2 10949000 2 27500000 2 7460 7461
&Acirc;&Iuml;&Otilde;&Euml;&Ccedil;
2 10949000 2 27500000 2 7496 7497
&ETH;&Iuml;&Euml;&Eacute;&Oacute; TV
2 10949000 2 27500000 2 7492 7493
mtch
2 10983000 2 27500000 2 2817 2818
ALGERIAN TV
2 11034000 2 27500000 2 1020 1030
ARTE
2 11034000 2 27500000 2 420 430
FRANCE 5
2 11034000 2 27500000 2 120 130
M6
2 11034000 2 27500000 2 520 530
PARIS PREMIERE
2 11034000 2 27500000 2 820 830
RFO SAT
2 11034000 2 27500000 2 320 330
TF1
2 11034000 2 27500000 2 220 230
TF1
2 11034000 2 27500000 2 620 630
Bloomberg
2 11241000 2 27500000 2 162 88
MTV 1
2 11241000 2 27500000 2 165 100
MTV 5
2 11241000 2 27500000 2 169 116
MTV F
2 11241000 2 27500000 2 168 112
MTV H
2 11241000 2 27500000 2 164 96
MTV Nordic
2 11241000 2 27500000 2 163 92
MTV2 Pop Channel
2 11241000 2 27500000 2 160 80
NL Test
2 11241000 2 27500000 2 161 84
Program 8 / SF
2 11241000 2 27500000 2 167 108
VH1
2 11241000 2 27500000 2 166 104
DISNEY CHANNEL
2 11262000 4 27500000 2 1030 1034
PLANET
2 11262000 4 27500000 2 1100 1104
SEASONS
2 11262000 4 27500000 2 1040 1044
STUDIO UNIVERSAL
2 11262000 4 27500000 2 1050 1054
CYFRA+ INFO
2 11283000 2 27500000 2 163 92
EUROSPORT
2 11283000 2 27500000 2 162 88
FORMULA 1
2 11283000 2 27500000 2 168 116
HALLMARK
2 11283000 2 27500000 2 161 84
HBO
2 11283000 2 27500000 2 160 80
HBO
2 11283000 2 27500000 2 160 80
MTV CLASSIC
2 11283000 2 27500000 2 165 100
NATIONAL GEO
2 11283000 2 27500000 2 166 104
REALITY TV
2 11283000 2 27500000 2 167 108
TVN 24
2 11283000 2 27500000 2 164 96
ADVENTURE 1
2 11311000 4 30000000 2 859 860
AVANTE
2 11311000 4 30000000 2 855 856
CARTOON / TCM
2 11311000 4 30000000 2 875 876
CLUB
2 11311000 4 30000000 2 871 872
CNBC Europe
2 11311000 4 30000000 2 895 896
EXTREME SPORTS
2 11311000 4 30000000 2 879 880
NATIONAL GEOGRAPHIC
2 11311000 4 30000000 2 863 864
PAOK Channel
2 11311000 4 30000000 2 891 892
PLAYBOY / SPICE
2 11311000 4 30000000 2 887 888
PRIVATE BLUE / GOLD
2 11311000 4 30000000 2 883 884
REALITY
2 11311000 4 30000000 2 867 868
Multivision 1
2 11661000 2 27500000 2 120 130
Multivision 2
2 11661000 2 27500000 2 220 230
Multivision 3
2 11661000 2 27500000 2 320 330
Multivision 4
2 11661000 2 27500000 2 420 430
Multivision 5
2 11661000 2 27500000 2 520 530
Multivision 6
2 11661000 2 27500000 2 620 630
Multivision 7
2 11661000 2 27500000 2 720 730
AB 1
2 11681000 4 27500000 2 160 80
AB MOTEURS
2 11681000 4 27500000 2 161 84
ACTION
2 11681000 4 27500000 2 169 116
ANIMAUX
2 11681000 4 27500000 2 162 88
CHASSE &amp; PECHE
2 11681000 4 27500000 2 163 92
ENCYCLOPEDIA
2 11681000 4 27500000 2 171 124
ESCALES
2 11681000 4 27500000 2 166 104
FIT/CHAINE HISTOIRE
2 11681000 4 27500000 2 167 108
MANGAS
2 11681000 4 27500000 2 170 120
MUSIQUE CLASSIQUE
2 11681000 4 27500000 2 165 100
RFM-TV
2 11681000 4 27500000 2 168 112
RTL9
2 11681000 4 27500000 2 172 128
XXL
2 11681000 4 27500000 2 164 96
cart
2 11843000 2 27500000 2 2433 2434
cult
2 11843000 2 27500000 2 2307 2308
disc
2 11843000 2 27500000 2 2436 2437
ersp
2 11843000 2 27500000 2 2317 2309
tvl
2 11843000 2 27500000 2 2439 2440
univ
2 11843000 2 27500000 2 2305 2306
MOSAICO
2 11862000 4 27500000 2 160 0
P8
2 11862000 4 27500000 2 163 96
P9
2 11862000 4 27500000 2 162 88
P9 OFDM
2 11862000 4 27500000 2 162 88
cnn
2 11881000 2 27500000 2 2433 2434
euro
2 11881000 2 27500000 2 2311 2312
info
2 11881000 2 27500000 2 517 700
MPPV_PFShow
2 11881000 2 27500000 2 2563 2564
viag
2 11881000 2 27500000 2 2308 2309
CANAL D+
2 11900000 4 27500000 2 165 100
INTER CH.
2 11900000 4 27500000 2 163 92
MILAN CH.
2 11900000 4 27500000 2 162 88
MOSAICO
2 11900000 4 27500000 2 160 0
TST3
2 11900000 4 27500000 2 164 96
Test
2 11919000 2 27500000 2 515 680
E5500 Test
2 11938000 4 27500000 2 34 33
E5710 Test
2 11938000 4 27500000 2 308 256
NTV Int.-Detsky Mir
2 11938000 4 27500000 2 162 84
NTV Int.-HTB
2 11938000 4 27500000 2 160 80
NTV Int.-Nashe Kino
2 11938000 4 27500000 2 161 82
RTV
2 11938000 4 27500000 2 101 89
DISCOVERY
2 11958000 2 27500000 2 161 84
DISNEY CHANNEL
2 11958000 2 27500000 2 160 80
EUROSPORT
2 11958000 2 27500000 2 162 88
HAPPY CHANNEL
2 11958000 2 27500000 2 163 92
MATCH MUSIC
2 11958000 2 27500000 2 164 96
MTV
2 11958000 2 27500000 2 165 100
RaiSat CINEMA
2 11958000 2 27500000 2 166 104
RaiSat SHOW
2 11958000 2 27500000 2 167 108
cine movie
2 11976000 4 27500000 2 2691 2692
cine stream
2 11976000 4 27500000 2 2689 2690
s.verde
2 11976000 4 27500000 2 2561 2562
Stream2
2 11976000 4 27500000 2 2433 2434
mtch
2 11977000 4 27500000 2 2435 2436
s.verde
2 11977000 4 27500000 2 2561 2562
CLASSICA
2 11996000 2 27500000 2 160 80
HALLMARK
2 11996000 2 27500000 2 163 92
La 7
2 11996000 2 27500000 2 166 104
RaiSat ALBUM
2 11996000 2 27500000 2 162 88
RaiSat ART
2 11996000 2 27500000 2 164 96
RaiSat FICTION
2 11996000 2 27500000 2 165 100
RaiSat GAMBERO
2 11996000 2 27500000 2 161 84
TMC2
2 11996000 2 27500000 2 167 108
ALGERIAN TV
2 12015000 4 27500000 2 521 740
ART CHILDREN/TARAB
2 12015000 4 27500000 2 513 660
ART MOVIES
2 12015000 4 27500000 2 514 670
ART MUSIC
2 12015000 4 27500000 2 515 680
ART SPORT
2 12015000 4 27500000 2 519 720
LBC EUROPE
2 12015000 4 27500000 2 165 100
NILE DRAMA
2 12015000 4 27500000 2 516 690
NILE VARIETY
2 12015000 4 27500000 2 518 710
VARIETY EUROPE
2 12015000 4 27500000 2 512 650
CARTOON Network
2 12034000 2 27500000 2 167 108
RaiSat RAGAZZI
2 12034000 2 27500000 2 166 104
T+ 16:9
2 12034000 2 27500000 2 164 96
T+ BIANCO
2 12034000 2 27500000 2 160 80
T+ GRIGIO
2 12034000 2 27500000 2 162 88
T+ NERO
2 12034000 2 27500000 2 161 84
VETRINA
2 12034000 2 27500000 2 165 100
BBC
2 12053000 4 27500000 2 161 84
BBC WORLD
2 12053000 4 27500000 2 161 84
BLOOMBERG
2 12053000 4 27500000 2 162 88
CNBC
2 12053000 4 27500000 2 163 92
CNBC
2 12053000 4 27500000 2 163 92
CNN
2 12053000 4 27500000 2 160 80
CNN
2 12053000 4 27500000 2 160 80
ROCK TV
2 12053000 4 27500000 2 165 100
SKYNews
2 12053000 4 27500000 2 164 96
TV5
2 12053000 4 27500000 2 166 104
TV5
2 12053000 4 27500000 2 166 104
P2
2 12072000 2 27500000 2 163 92
P3
2 12072000 2 27500000 2 164 96
P4
2 12072000 2 27500000 2 165 100
P5
2 12072000 2 27500000 2 166 104
P6
2 12072000 2 27500000 2 167 108
PALCO 16:9
2 12072000 2 27500000 2 162 88
Satisfaction
2 12092000 4 27500000 2 4192 4193
BBC World
2 12169000 4 27500000 2 514 670
Cartoon
2 12169000 4 27500000 2 515 680
CCTV
2 12169000 4 27500000 2 516 690
Discovery
2 12169000 4 27500000 2 512 650
ET-1
2 12169000 4 27500000 2 519 720
MAD T.V
2 12169000 4 27500000 2 518 710
NET
2 12169000 4 27500000 2 520 730
SS Extra
2 12169000 4 27500000 2 513 660
TCM
2 12169000 4 27500000 2 515 680
&Acirc;&iuml;&otilde;&euml;&THORN;
2 12169000 4 27500000 2 517 700
GOURMET TV
2 12245000 4 27500000 2 126 136
MCM Europe
2 12245000 4 27500000 2 122 132
MEZZO
2 12245000 4 27500000 2 125 135
TTN
2 12245000 4 27500000 2 124 134
SLO-TV1
2 12303000 2 27500000 2 200 201
SLO-TV2
2 12303000 2 27500000 2 203 204
P10
2 12341000 2 27500000 2 160 80
P11
2 12341000 2 27500000 2 161 84
P12
2 12341000 2 27500000 2 162 88
P13
2 12341000 2 27500000 2 163 92
P14
2 12341000 2 27500000 2 164 96
P15
2 12341000 2 27500000 2 165 100
P16
2 12341000 2 27500000 2 166 104
PREMIUM
2 12341000 2 27500000 2 167 108
GAME ONE
2 12380000 2 27500000 2 3027 3037
Paris Premi&egrave;re
2 12380000 2 27500000 2 3021 3031
SF1
2 12399000 4 27500000 2 160 80
SF2
2 12399000 4 27500000 2 163 92
SFi
2 12399000 4 27500000 2 167 102
TSI1
2 12399000 4 27500000 2 162 88
TSI2
2 12399000 4 27500000 2 166 100
TSR1
2 12399000 4 27500000 2 161 84
TSR2
2 12399000 4 27500000 2 164 96
CANAL JIMMY
2 12418000 2 27500000 2 162 88
CINECINEMA1
2 12418000 2 27500000 2 164 96
CINECINEMA2
2 12418000 2 27500000 2 165 100
CINECLASSICS
2 12418000 2 27500000 2 166 104
INN
2 12418000 2 27500000 2 163 92
MARCOPOLO
2 12418000 2 27500000 2 160 80
MARCOPOLO
2 12418000 2 27500000 2 160 80
PLANETE
2 12418000 2 27500000 2 161 84
SEASONS
2 12418000 2 27500000 2 167 108
SEASONS POL
2 12418000 2 27500000 2 167 109
WISHLINE
2 12418000 2 27500000 2 168 85
HRT-TV1
2 12520000 2 27500000 2 100 101
HRT-TV2
2 12520000 2 27500000 2 103 104
HRT-TV3
2 12520000 2 27500000 2 105 106
MMOV_PF1
2 12616000 4 27500000 2 2823 2822
MMOV_PF2
2 12616000 4 27500000 2 2825 2824
MMOV_PF3
2 12616000 4 27500000 2 2827 2826
MMOV_PF4
2 12616000 4 27500000 2 2829 2828
MMOV_PF5
2 12616000 4 27500000 2 2831 2830
MMOV_PF6
2 12616000 4 27500000 2 2833 2832
sc 1
2 12616000 4 27500000 2 2561 2562
sc 2
2 12616000 4 27500000 2 2564 2565
sc 3
2 12616000 4 27500000 2 2567 2568
calcio ch.
2 12635000 2 27500000 2 2697 2694
MMOV_PF10
2 12635000 2 27500000 2 2565 2564
MMOV_PF7
2 12635000 2 27500000 2 2947 2946
MMOV_PF8
2 12635000 2 27500000 2 2949 2948
MMOV_PF9
2 12635000 2 27500000 2 2563 2562
sc 4
2 12635000 2 27500000 2 2689 2690
sc 5
2 12635000 2 27500000 2 2696 2692
CINE PALACE
2 12692000 4 27500000 2 165 100
ENCYCLOPEDIA
2 12692000 4 27500000 2 163 92
MANGAS
2 12692000 4 27500000 2 162 88
MEDYA TV
2 12692000 4 27500000 2 168 112
POLAR
2 12692000 4 27500000 2 164 96
RIRE
2 12692000 4 27500000 2 167 108
ROMANCE
2 12692000 4 27500000 2 166 104
MMOV_PF11
2 12713000 2 27500000 2 2818 2819
MMOV_PF12
2 12713000 2 27500000 2 2820 2821
MMOV_PF13
2 12713000 2 27500000 2 2693 2692
MMOV_PF14
2 12713000 2 27500000 2 2691 2690
MMOV_PF15
2 12713000 2 27500000 2 2691 2690
MMOV_PF16
2 12713000 2 27500000 2 2691 2690
cfn
2 12731000 4 27500000 2 523 760
comedy
2 12731000 4 27500000 2 2308 2309
duel
2 12731000 4 27500000 2 2689 2690
fox kids
2 12731000 4 27500000 2 2691 2692
nat geo
2 12731000 4 27500000 2 2693 2694
roma ch
2 12731000 4 27500000 2 2310 2311
RTL9
0 12012000 2 27500000 2 164 96
CNNI
2 10930000 4 27500000 2 515 680
FOX NEWS
0 12441000 2 27500000 2 167 108
FOX NEWS
0 11686000 2 22000000 3 167 108
BBC WORLD
0 12266000 4 27500000 3 167 108
Cartoon Network
0 12246000 2 27500000 2 160 80
Cartoon Network
0 12168000 2 27500000 2 161 84
MTV 2
0 11608000 2 22000000 3 3091 3092
MTV Base
0 11608000 2 22000000 2 3051 3052
MTV ESP
0 11608000 2 22000000 2 3011 3012
MTV Hits
0 11608000 2 22000000 2 3041 3042
VH1
0 11608000 2 22000000 2 3061 3062
VH1 Classic
0 11608000 2 22000000 2 3071 3072
KiKa
0 11954000 4 27500000 3 310 320
EUROSPORTNEWS
2 11996000 2 27500000 2 168 112
M6 Music
2 10757000 2 27500000 2 820 830
